256x256 pixel

14.278542
7.267324
4.980175
3.844731
3.248503
2.754712
2.458455
2.137466
2.025376
1.767732
1.624228
1.515075
1.461962
1.323031
1.241263
1.190269
1.108090
1.023823
1.004031
0.924596
0.901928
0.854114
0.834654
0.813565

512x512 galat

68.676013
34.683230
23.617512
17.568494
13.950191
11.690079
10.072637
8.922390
8.157077
7.234177
6.587669
10.574733
16.532103
15.364909
14.486577
13.368768
13.060323
12.009337
11.245405
10.781612
10.380561
9.982662
9.574508
9.134491

shader 512x512

78.916722
39.401865
26.563848
19.799133
16.147402
13.330799
11.477181
10.065301
9.026161
8.148010
7.468873
6.867505
6.358900
5.904872
5.579728
5.172076
4.964928
4.773919
4.407260
4.675921
8.022676
7.694784
7.527157
7.239641

256x256 shader

19.660448
9.817079
6.597425
4.981552
4.022877
3.354955
2.917649
2.508786
2.297235
2.051855
1.879654
1.726983
1.601617
1.509245
1.430015
1.287819
1.272457
1.194635
1.148442
1.325859
2.092579
1.934050
1.919414
1.767633

1024x1024 shader

312.332655
156.979708
105.184043
79.622597
63.310754
53.476333
46.020762
40.090765
35.929251
32.262971
29.608433
27.147112
25.387818
23.520939
22.038105
20.768694
19.457897
18.427374
17.578267
18.378126
31.437608
30.025498
29.164793
27.728951

128x128 shader

4.931663
2.460628
1.672603
1.240964
1.012790
0.849690
0.739024
0.627871
0.585506
0.514334
0.477990
0.437941
0.400073
0.399939
0.364829
0.322673
0.323111
0.319871
0.289144
0.384734
0.542819
0.467526
0.481313
0.481605