512
78.916722
39.401865
26.563848
19.799133
16.147402
13.330799
11.477181
10.065301
9.026161
8.148010
7.468873
6.867505
6.358900
5.904872
5.579728
5.172076
4.964928
4.773919
4.407260
4.675921
256
19.660448
9.817079
6.597425
4.981552
4.022877
3.354955
2.917649
2.508786
2.297235
2.051855
1.879654
1.726983
1.601617
1.509245
1.430015
1.287819
1.272457
1.194635
1.148442
1.325859
1024
312.332655
156.979708
105.184043
79.622597
63.310754
53.476333
46.020762
40.090765
35.929251
32.262971
29.608433
27.147112
25.387818
23.520939
22.038105
20.768694
19.457897
18.427374
17.578267
18.378126
128
4.931663
2.460628
1.672603
1.240964
1.012790
0.849690
0.739024
0.627871
0.585506
0.514334
0.477990
0.437941
0.400073
0.399939
0.364829
0.322673
0.323111
0.319871
0.289144
0.384734